100 200
28 4
87 4
70 6
51 3
92 3
51 6
86 3
75 1
51 7
57 1
45 2
40 4
77 5
66 4
48 1
32 10
53 7
90 9
70 2
48 4
38 9
4 2
86 1
80 1
44 5
67 8
94 3
26 8
57 5
12 8
24 6
95 6
30 6
57 7
7 2
91 4
27 4
73 9
99 3
69 6
9 2
13 10
70 2
8 10
6 1
61 6
21 4
11 7
6 3
53 9
44 9
41 9
75 9
73 4
47 9
73 8
27 5
27 7
49 7
66 2
70 7
71 7
53 9
20 9
63 8
46 1
18 10
6 5
57 5
70 9
96 8
56 10
88 7
59 9
72 3
70 1
43 7
8 6
4 4
70 6
82 7
80 1
7 10
9 5
16 8
15 7
83 8
87 10
37 9
88 2
86 5
86 2
25 1
65 4
44 1
30 2
30 9
37 6
30 1
54 9